{
  "advancedEditorSelectedIdentifier" : "ProjectBrowser",
  "openSceneRelativePaths" : [
    "Immersive.usda",
    "Scene.usda"
  ],
  "recentIdentifiers" : {
    "D66134B1-3681-4A8E-AFE5-29F257229F3B" : [

    ]
  },
  "sceneCameraHistory" : {
    "AF09ED6F-1707-48FD-8720-65B998362C09" : [
      {
        "date" : 734848595.026818,
        "title" : "Untitled",
        "transform" : [
          0.99999994,
          0,
          -0,
          0,
          -0,
          0.86602575,
          -0.4999995,
          0,
          0,
          0.4999995,
          0.86602575,
          0,
          0,
          4.243959,
          5.2334127,
          1
        ]
      }
    ],
    "D66134B1-3681-4A8E-AFE5-29F257229F3B" : [
      {
        "date" : 734857613.237773,
        "title" : "Untitled",
        "transform" : [
          0.9986702,
          2.7825788e-08,
          -0.051552154,
          0,
          -0.013445016,
          0.9653918,
          -0.26045686,
          0,
          0.049768012,
          0.2608037,
          0.9641081,
          0,
          0.006233626,
          0.07016845,
          0.6406398,
          1
        ]
      },
      {
        "date" : 734857606.988284,
        "title" : "Untitled",
        "transform" : [
          0.99337906,
          2.332921e-08,
          -0.114882804,
          0,
          0.05232484,
          0.8902547,
          0.45244738,
          0,
          0.10227496,
          -0.45546296,
          0.8843604,
          0,
          0.033258766,
          -0.37810707,
          0.520875,
          1
        ]
      },
      {
        "date" : 734854050.949147,
        "title" : "Untitled",
        "transform" : [
          0.99337906,
          2.332921e-08,
          -0.114882804,
          0,
          0.05232484,
          0.8902547,
          0.45244738,
          0,
          0.10227496,
          -0.45546296,
          0.8843604,
          0,
          0.2614856,
          -0.30128482,
          0.53404576,
          1
        ]
      },
      {
        "date" : 734851669.487535,
        "title" : "Untitled",
        "transform" : [
          0.9933791,
          2.6062374e-08,
          -0.11488281,
          0,
          0.052324854,
          0.89025474,
          0.45244744,
          0,
          0.10227499,
          -0.4554631,
          0.8843604,
          0,
          -0.036138367,
          -0.73593247,
          0.6504376,
          1
        ]
      },
      {
        "date" : 734851450.209703,
        "title" : "Untitled",
        "transform" : [
          -0.06987682,
          2.3568699e-08,
          -0.9975556,
          0,
          0.07078614,
          0.99747926,
          -0.004958406,
          0,
          0.995041,
          -0.070959605,
          -0.06970069,
          0,
          0.88426965,
          -0.42619509,
          0.04895292,
          1
        ]
      },
      {
        "date" : 734851352.68595,
        "title" : "Untitled",
        "transform" : [
          0.98151404,
          2.296455e-08,
          -0.1913905,
          0,
          -0.08242515,
          0.90251195,
          -0.42270342,
          0,
          0.17273222,
          0.43066475,
          0.8858282,
          0,
          0.25066373,
          0.3960426,
          0.78215605,
          1
        ]
      },
      {
        "date" : 734851221.407809,
        "title" : "Untitled",
        "transform" : [
          0.981514,
          2.3445697e-08,
          -0.19139048,
          0,
          -0.082425155,
          0.9025121,
          -0.42270342,
          0,
          0.17273225,
          0.43066472,
          0.8858281,
          0,
          -0.12149487,
          0.46815488,
          1.0180002,
          1
        ]
      },
      {
        "date" : 734851134.562239,
        "title" : "Untitled",
        "transform" : [
          0.981514,
          2.3445697e-08,
          -0.19139048,
          0,
          -0.082425155,
          0.9025121,
          -0.42270342,
          0,
          0.17273225,
          0.43066472,
          0.8858281,
          0,
          -0.07947621,
          0.6746513,
          1.5113254,
          1
        ]
      },
      {
        "date" : 734850587.076988,
        "title" : "Untitled",
        "transform" : [
          0.981514,
          2.3445697e-08,
          -0.19139048,
          0,
          -0.082425155,
          0.9025121,
          -0.42270342,
          0,
          0.17273225,
          0.43066472,
          0.8858281,
          0,
          -0.015608102,
          0.6071244,
          1.5317011,
          1
        ]
      },
      {
        "date" : 734849988.745948,
        "title" : "Untitled",
        "transform" : [
          0.99998987,
          2.3442287e-10,
          0.0044950517,
          0,
          0.002322996,
          0.85611105,
          -0.5167865,
          0,
          -0.0038482554,
          0.5167918,
          0.8561024,
          0,
          -0.29913026,
          0.3318052,
          1.5285667,
          1
        ]
      }
    ]
  },
  "selectedSceneRelativePath" : "Scene.usda"
}