{
  "advancedEditorSelectedIdentifier" : "ProjectBrowser",
  "openSceneRelativePaths" : [
    "Sailormoon.usda",
    "AudioController.usda"
  ],
  "recentIdentifiers" : {
    "84A1AF8E-DA33-4522-AD70-BFD20904289B" : [

    ],
    "C7ADCCB9-B01C-47CE-BFF5-BA4646C40619" : [

    ]
  },
  "sceneCameraHistory" : {
    "84A1AF8E-DA33-4522-AD70-BFD20904289B" : [
      {
        "date" : 734845387.677282,
        "title" : "Untitled",
        "transform" : [
          1,
          0,
          -0,
          0,
          -0,
          0.8660254,
          -0.5,
          0,
          0,
          0.5,
          0.8660254,
          0,
          0,
          0.08471224,
          0.16051045,
          1
        ]
      },
      {
        "date" : 734845385.776191,
        "title" : "Untitled",
        "transform" : [
          1,
          0,
          0,
          0,
          0,
          0.8660254,
          -0.5,
          0,
          0,
          0.5,
          0.8660254,
          0,
          -0.0037367046,
          0.057744958,
          0.17607997,
          1
        ]
      },
      {
        "date" : 734597374.062091,
        "title" : "Untitled",
        "transform" : [
          1,
          0,
          0,
          0,
          0,
          0.8660254,
          -0.5,
          0,
          0,
          0.5,
          0.8660254,
          0,
          0.014323968,
          0.07877942,
          0.16393572,
          1
        ]
      },
      {
        "date" : 734597358.315022,
        "title" : "Untitled",
        "transform" : [
          1,
          0,
          -0,
          0,
          -0,
          0.8660254,
          -0.5,
          0,
          0,
          0.5,
          0.8660254,
          0,
          -3.7252903e-09,
          0.08471222,
          0.16051044,
          1
        ]
      },
      {
        "date" : 734596900.346768,
        "title" : "Untitled",
        "transform" : [
          1,
          0,
          -0,
          0,
          -0,
          0.8660254,
          -0.5,
          0,
          0,
          0.5,
          0.8660254,
          0,
          0,
          0.26320124,
          0.4558779,
          1
        ]
      }
    ],
    "AF09ED6F-1707-48FD-8720-65B998362C09" : [
      {
        "date" : 734579820.925391,
        "title" : "Untitled",
        "transform" : [
          1,
          0,
          -0,
          0,
          -0,
          0.8660258,
          -0.49999934,
          0,
          0,
          0.49999934,
          0.8660258,
          0,
          0,
          4.542818,
          5.7510524,
          1
        ]
      }
    ],
    "C7ADCCB9-B01C-47CE-BFF5-BA4646C40619" : [
      {
        "date" : 734580436.604725,
        "title" : "Untitled",
        "transform" : [
          1,
          0,
          0,
          0,
          0,
          0.8660254,
          -0.5,
          0,
          0,
          0.5,
          0.8660254,
          0,
          -0.11130026,
          0.23766941,
          0.47061855,
          1
        ]
      },
      {
        "date" : 734579891.020096,
        "title" : "Untitled",
        "transform" : [
          1,
          0,
          0,
          0,
          0,
          0.8660254,
          -0.5,
          0,
          0,
          0.5,
          0.8660254,
          0,
          -0.010819957,
          0.25598922,
          0.4600416,
          1
        ]
      },
      {
        "date" : 734579882.286199,
        "title" : "Untitled",
        "transform" : [
          1,
          0,
          0,
          0,
          0,
          0.8660254,
          -0.5,
          0,
          0,
          0.5,
          0.8660254,
          0,
          -0.07756376,
          0.51967674,
          0.30780172,
          1
        ]
      },
      {
        "date" : 734579836.192084,
        "title" : "Untitled",
        "transform" : [
          1,
          0,
          -0,
          0,
          -0,
          0.8660254,
          -0.5,
          0,
          0,
          0.5,
          0.8660254,
          0,
          0,
          0.26320124,
          0.4558779,
          1
        ]
      }
    ]
  },
  "selectedSceneRelativePath" : "AudioController.usda"
}