{
  "advancedEditorSelectedIdentifier" : "ProjectBrowser",
  "openSceneRelativePaths" : [
    "Immersive.usda",
    "Scene.usda"
  ],
  "recentIdentifiers" : {
    "1D572CEB-057A-41C3-B575-04C37501A3C0" : [

    ],
    "D66134B1-3681-4A8E-AFE5-29F257229F3B" : [

    ]
  },
  "sceneCameraHistory" : {
    "1D572CEB-057A-41C3-B575-04C37501A3C0" : [
      {
        "date" : 735208407.595605,
        "title" : "Untitled",
        "transform" : [
          0.84663504,
          8.693004e-09,
          -0.532174,
          0,
          -0.10872681,
          0.9789069,
          -0.17297335,
          0,
          0.52094877,
          0.20430689,
          0.8287769,
          0,
          0.250763,
          0.0420551,
          -0.842162,
          1
        ]
      },
      {
        "date" : 735208367.546476,
        "title" : "Untitled",
        "transform" : [
          0.84663504,
          8.693004e-09,
          -0.532174,
          0,
          -0.10872681,
          0.9789069,
          -0.17297335,
          0,
          0.52094877,
          0.20430689,
          0.8287769,
          0,
          0.216878,
          -0.021571487,
          -0.8051777,
          1
        ]
      },
      {
        "date" : 735208354.74468,
        "title" : "Untitled",
        "transform" : [
          0.84663504,
          4.9677134e-09,
          -0.532174,
          0,
          -0.1087268,
          0.9789069,
          -0.17297336,
          0,
          0.52094877,
          0.20430687,
          0.8287769,
          0,
          0.6087699,
          0.47251895,
          0.7564156,
          1
        ]
      },
      {
        "date" : 735195409.592139,
        "title" : "Untitled",
        "transform" : [
          0.84663504,
          8.693004e-09,
          -0.532174,
          0,
          -0.10872681,
          0.9789069,
          -0.17297335,
          0,
          0.52094877,
          0.20430689,
          0.8287769,
          0,
          0.45547011,
          0.07485351,
          -0.97892094,
          1
        ]
      },
      {
        "date" : 735195397.090406,
        "title" : "Untitled",
        "transform" : [
          0.84663504,
          8.693004e-09,
          -0.532174,
          0,
          -0.10872681,
          0.9789069,
          -0.17297335,
          0,
          0.52094877,
          0.20430689,
          0.8287769,
          0,
          0.22351359,
          -0.12431499,
          -0.78402066,
          1
        ]
      },
      {
        "date" : 735195374.175444,
        "title" : "Untitled",
        "transform" : [
          0.84663504,
          8.693004e-09,
          -0.532174,
          0,
          -0.10872681,
          0.9789069,
          -0.17297335,
          0,
          0.52094877,
          0.20430689,
          0.8287769,
          0,
          0.23977353,
          0.020081848,
          -0.82983744,
          1
        ]
      },
      {
        "date" : 735195372.542472,
        "title" : "Untitled",
        "transform" : [
          0.84663504,
          8.693004e-09,
          -0.532174,
          0,
          -0.10872681,
          0.9789069,
          -0.17297335,
          0,
          0.52094877,
          0.20430689,
          0.8287769,
          0,
          0.22246021,
          0.1572249,
          -0.8527627,
          1
        ]
      },
      {
        "date" : 735195358.282767,
        "title" : "Untitled",
        "transform" : [
          0.84663504,
          8.693004e-09,
          -0.532174,
          0,
          -0.10872681,
          0.9789069,
          -0.17297335,
          0,
          0.52094877,
          0.20430689,
          0.8287769,
          0,
          0.28654385,
          -0.13871564,
          -0.82009006,
          1
        ]
      },
      {
        "date" : 735195351.050869,
        "title" : "Untitled",
        "transform" : [
          0.84663504,
          8.693004e-09,
          -0.532174,
          0,
          -0.10872681,
          0.9789069,
          -0.17297335,
          0,
          0.52094877,
          0.20430689,
          0.8287769,
          0,
          0.4341515,
          0.015951201,
          -0.95100045,
          1
        ]
      },
      {
        "date" : 735195343.500554,
        "title" : "Untitled",
        "transform" : [
          0.84663504,
          8.693004e-09,
          -0.532174,
          0,
          -0.10872681,
          0.9789069,
          -0.17297335,
          0,
          0.52094877,
          0.20430689,
          0.8287769,
          0,
          0.83972734,
          0.042437673,
          -1.2124649,
          1
        ]
      }
    ],
    "D66134B1-3681-4A8E-AFE5-29F257229F3B" : [
      {
        "date" : 735410640.279437,
        "title" : "Untitled",
        "transform" : [
          0.9999764,
          -1.7476486e-11,
          -0.0068608555,
          0,
          -0.0038664013,
          0.8260854,
          -0.56353176,
          0,
          0.0056676525,
          0.563545,
          0.82606584,
          0,
          -0.5463617,
          0.6045617,
          0.8657925,
          1
        ]
      },
      {
        "date" : 735410349.949107,
        "title" : "Untitled",
        "transform" : [
          0.9999764,
          -1.7476486e-11,
          -0.0068608555,
          0,
          -0.0038664013,
          0.8260854,
          -0.56353176,
          0,
          0.0056676525,
          0.563545,
          0.82606584,
          0,
          -0.2582919,
          0.65283805,
          0.8308817,
          1
        ]
      },
      {
        "date" : 735409737.017754,
        "title" : "Untitled",
        "transform" : [
          0.9999764,
          -1.7476486e-11,
          -0.0068608555,
          0,
          -0.0038664013,
          0.8260854,
          -0.56353176,
          0,
          0.0056676525,
          0.563545,
          0.82606584,
          0,
          0.0018251538,
          0.74611056,
          0.7654661,
          1
        ]
      },
      {
        "date" : 735409734.477498,
        "title" : "Untitled",
        "transform" : [
          0.9999764,
          -1.7476486e-11,
          -0.0068608555,
          0,
          -0.0038664013,
          0.8260854,
          -0.56353176,
          0,
          0.0056676525,
          0.563545,
          0.82606584,
          0,
          -0.8173869,
          0.6097741,
          0.86409557,
          1
        ]
      },
      {
        "date" : 735409711.931012,
        "title" : "Untitled",
        "transform" : [
          0.9999764,
          -1.7476486e-11,
          -0.0068608555,
          0,
          -0.0038664013,
          0.8260854,
          -0.56353176,
          0,
          0.0056676525,
          0.563545,
          0.82606584,
          0,
          -0.22098905,
          0.57898843,
          0.8810056,
          1
        ]
      },
      {
        "date" : 735409353.527248,
        "title" : "Untitled",
        "transform" : [
          0.9999764,
          -1.7476486e-11,
          -0.0068608555,
          0,
          -0.0038664008,
          0.82608527,
          -0.5635317,
          0,
          0.0056676525,
          0.563545,
          0.82606584,
          0,
          -0.15633605,
          0.51266444,
          0.9258085,
          1
        ]
      },
      {
        "date" : 735409306.446804,
        "title" : "Untitled",
        "transform" : [
          0.99999994,
          0,
          0,
          0,
          0,
          0.8660254,
          -0.49999994,
          0,
          0,
          0.49999994,
          0.8660254,
          0,
          -0.1626842,
          0.44186538,
          0.96056026,
          1
        ]
      },
      {
        "date" : 735409278.794138,
        "title" : "Untitled",
        "transform" : [
          0.99999994,
          0,
          0,
          0,
          0,
          0.8660254,
          -0.49999994,
          0,
          0,
          0.49999994,
          0.8660254,
          0,
          -0.1771453,
          0.38551015,
          0.9930968,
          1
        ]
      },
      {
        "date" : 735409209.837853,
        "title" : "Untitled",
        "transform" : [
          0.99999994,
          0,
          -0,
          0,
          -0,
          0.8660254,
          -0.49999994,
          0,
          0,
          0.49999994,
          0.8660254,
          0,
          0,
          0.5264011,
          0.91175354,
          1
        ]
      }
    ]
  },
  "selectedSceneRelativePath" : "Scene.usda"
}