{
  "advancedEditorSelectedIdentifier" : "ProjectBrowser",
  "openSceneRelativePaths" : [
    "Immersive.usda",
    "GlobeScene.usda"
  ],
  "recentIdentifiers" : {
    "2B356ADA-AC0E-4401-BCA1-91984F696559" : [

    ],
    "3CE9C357-9D6B-40A0-B8BB-09A71E43A284" : [

    ],
    "AF09ED6F-1707-48FD-8720-65B998362C09" : [

    ]
  },
  "sceneCameraHistory" : {
    "2B356ADA-AC0E-4401-BCA1-91984F696559" : [
      {
        "date" : 735239654.011375,
        "title" : "Untitled",
        "transform" : [
          0.98550045,
          -5.5542486e-09,
          -0.16967273,
          0,
          -0.017796258,
          0.99448436,
          -0.10336507,
          0,
          0.16873686,
          0.104885854,
          0.98006475,
          0,
          0.40752375,
          0.35412872,
          2.4709535,
          1
        ]
      },
      {
        "date" : 735236777.566254,
        "title" : "Untitled",
        "transform" : [
          0.98550045,
          -5.5542486e-09,
          -0.16967273,
          0,
          -0.017796258,
          0.99448436,
          -0.10336507,
          0,
          0.16873686,
          0.104885854,
          0.98006475,
          0,
          0.6796996,
          0.12400068,
          2.4487214,
          1
        ]
      },
      {
        "date" : 735234682.910563,
        "title" : "Untitled",
        "transform" : [
          1,
          0,
          0,
          0,
          0,
          0.86892617,
          -0.4949418,
          0,
          0,
          0.4949418,
          0.86892617,
          0,
          -0.00014648776,
          1.7206101,
          2.1206725,
          1
        ]
      },
      {
        "date" : 735234680.283269,
        "title" : "Untitled",
        "transform" : [
          1,
          0,
          0,
          0,
          0,
          0.86892617,
          -0.4949418,
          0,
          0,
          0.4949418,
          0.86892617,
          0,
          -0.000262141,
          2.131636,
          3.79496,
          1
        ]
      },
      {
        "date" : 735234562.943936,
        "title" : "Untitled",
        "transform" : [
          1,
          0,
          0,
          0,
          0,
          0.86892617,
          -0.4949418,
          0,
          0,
          0.4949418,
          0.86892617,
          0,
          -0.00026214102,
          0.3086946,
          0.5945821,
          1
        ]
      },
      {
        "date" : 735234554.953426,
        "title" : "Untitled",
        "transform" : [
          1,
          0,
          0,
          0,
          0,
          0.86892617,
          -0.4949418,
          0,
          0,
          0.4949418,
          0.86892617,
          0,
          -5.1913332e-05,
          0.061132617,
          0.1177486,
          1
        ]
      },
      {
        "date" : 735234547.330834,
        "title" : "Untitled",
        "transform" : [
          1,
          0,
          -0,
          0,
          -0,
          0.86892617,
          -0.4949418,
          0,
          0,
          0.4949418,
          0.86892617,
          0,
          -0.0005766002,
          0.67899853,
          1.307831,
          1
        ]
      },
      {
        "date" : 735234545.829503,
        "title" : "Untitled",
        "transform" : [
          1,
          0,
          -0,
          0,
          -0,
          0.86892617,
          -0.4949418,
          0,
          0,
          0.4949418,
          0.86892617,
          0,
          -7.150229e-07,
          0.009594917,
          0.5218115,
          1
        ]
      },
      {
        "date" : 735232949.401008,
        "title" : "Untitled",
        "transform" : [
          1,
          0,
          -0,
          0,
          -0,
          0.86892617,
          -0.4949418,
          0,
          0,
          0.4949418,
          0.86892617,
          0,
          -0.0011532304,
          4.231438,
          7.4287586,
          1
        ]
      }
    ],
    "3CE9C357-9D6B-40A0-B8BB-09A71E43A284" : [
      {
        "date" : 735232900.042491,
        "title" : "Untitled",
        "transform" : [
          0.9739577,
          -6.66212e-10,
          0.22672951,
          0,
          0.13725373,
          0.7959493,
          -0.58959824,
          0,
          -0.18046519,
          0.6053633,
          0.77522093,
          0,
          -0.6298246,
          1.9051542,
          2.6073756,
          1
        ]
      },
      {
        "date" : 735232894.94559,
        "title" : "Untitled",
        "transform" : [
          0.9739578,
          1.4989117e-09,
          0.22672951,
          0,
          0.13725373,
          0.7959492,
          -0.58959836,
          0,
          -0.1804652,
          0.6053633,
          0.77522093,
          0,
          -0.20482318,
          0.53301257,
          2.6554747,
          1
        ]
      },
      {
        "date" : 735232892.437284,
        "title" : "Untitled",
        "transform" : [
          0.97119397,
          1.4989117e-09,
          0.23829027,
          0,
          0.1442522,
          0.7959492,
          -0.58792526,
          0,
          -0.18966697,
          0.6053633,
          0.7730211,
          0,
          -0.08016053,
          0.10926525,
          2.11243,
          1
        ]
      },
      {
        "date" : 735232879.836834,
        "title" : "Untitled",
        "transform" : [
          0.97119397,
          1.4989117e-09,
          0.23829027,
          0,
          0.1442522,
          0.7959492,
          -0.58792526,
          0,
          -0.18966697,
          0.6053633,
          0.7730211,
          0,
          -0.048059464,
          0.10364914,
          2.1247044,
          1
        ]
      },
      {
        "date" : 735232867.974877,
        "title" : "Untitled",
        "transform" : [
          0.97119397,
          1.4989117e-09,
          0.23829027,
          0,
          0.1442522,
          0.7959492,
          -0.58792526,
          0,
          -0.18966697,
          0.6053633,
          0.7730211,
          0,
          -6.6430736,
          19.104048,
          26.096056,
          1
        ]
      },
      {
        "date" : 735232866.481241,
        "title" : "Untitled",
        "transform" : [
          0.97119397,
          2.4288493e-10,
          0.23829027,
          0,
          0.1442522,
          0.7959493,
          -0.58792526,
          0,
          -0.18966696,
          0.60536337,
          0.7730211,
          0,
          -0.049088746,
          0.15667747,
          0.20006986,
          1
        ]
      },
      {
        "date" : 735232843.293903,
        "title" : "Untitled",
        "transform" : [
          1,
          0,
          -0,
          0,
          -0,
          0.8660254,
          -0.5,
          0,
          0,
          0.5,
          0.8660254,
          0,
          0,
          0.26320124,
          0.4558779,
          1
        ]
      }
    ],
    "AF09ED6F-1707-48FD-8720-65B998362C09" : [
      {
        "date" : 735232825.448237,
        "title" : "Untitled",
        "transform" : [
          1,
          0,
          -0,
          0,
          -0,
          0.8660258,
          -0.49999928,
          0,
          0,
          0.49999928,
          0.8660258,
          0,
          0,
          4.5429916,
          5.751353,
          1
        ]
      }
    ]
  },
  "selectedSceneRelativePath" : "GlobeScene.usda"
}