{
  "advancedEditorSelectedIdentifier" : "ProjectBrowser",
  "openSceneRelativePaths" : [
    "Immersive.usda",
    "Scene.usda"
  ],
  "recentIdentifiers" : {
    "D66134B1-3681-4A8E-AFE5-29F257229F3B" : [

    ]
  },
  "sceneCameraHistory" : {
    "1D572CEB-057A-41C3-B575-04C37501A3C0" : [
      {
        "date" : 735573683.216958,
        "title" : "Untitled",
        "transform" : [
          1,
          0,
          -0,
          0,
          -0,
          0.8660258,
          -0.49999934,
          0,
          0,
          0.49999934,
          0.8660258,
          0,
          0,
          4.542818,
          5.7510524,
          1
        ]
      }
    ],
    "D66134B1-3681-4A8E-AFE5-29F257229F3B" : [
      {
        "date" : 735637711.211277,
        "title" : "Untitled",
        "transform" : [
          0.99995875,
          5.052567e-10,
          0.009078854,
          0,
          0.0045394264,
          0.8660254,
          -0.49997935,
          0,
          -0.007862519,
          0.49999997,
          0.8659897,
          0,
          0.01733648,
          0.100502014,
          0.16123994,
          1
        ]
      },
      {
        "date" : 735637697.22619,
        "title" : "Untitled",
        "transform" : [
          0.99995875,
          5.052567e-10,
          0.009078854,
          0,
          0.0045394264,
          0.8660254,
          -0.49997935,
          0,
          -0.007862519,
          0.49999997,
          0.8659897,
          0,
          0.01249389,
          0.22238001,
          0.09082681,
          1
        ]
      },
      {
        "date" : 735637695.713604,
        "title" : "Untitled",
        "transform" : [
          0.99995875,
          5.052567e-10,
          0.009078854,
          0,
          0.0045394264,
          0.8660254,
          -0.49997935,
          0,
          -0.007862519,
          0.49999997,
          0.8659897,
          0,
          0.0014427863,
          0.24535874,
          0.07745919,
          1
        ]
      },
      {
        "date" : 735637157.710756,
        "title" : "Untitled",
        "transform" : [
          0.99995875,
          5.052567e-10,
          0.009078854,
          0,
          0.0045394264,
          0.8660254,
          -0.49997935,
          0,
          -0.007862519,
          0.49999997,
          0.8659897,
          0,
          6.630365e-05,
          0.16910124,
          0.12147585,
          1
        ]
      },
      {
        "date" : 735637066.091492,
        "title" : "Untitled",
        "transform" : [
          0.99995875,
          5.052567e-10,
          0.009078854,
          0,
          0.0045394264,
          0.8660254,
          -0.49997935,
          0,
          -0.007862519,
          0.49999997,
          0.8659897,
          0,
          -0.0063321306,
          0.19393034,
          0.107082084,
          1
        ]
      },
      {
        "date" : 735635960.91322,
        "title" : "Untitled",
        "transform" : [
          0.99995875,
          5.052567e-10,
          0.009078854,
          0,
          0.0045394264,
          0.8660254,
          -0.49997935,
          0,
          -0.007862519,
          0.49999997,
          0.8659897,
          0,
          -0.023562431,
          0.23183605,
          0.39846215,
          1
        ]
      },
      {
        "date" : 735634441.742539,
        "title" : "Untitled",
        "transform" : [
          0.99995875,
          5.052567e-10,
          0.009078854,
          0,
          0.0045394264,
          0.8660254,
          -0.49997935,
          0,
          -0.007862519,
          0.49999997,
          0.8659897,
          0,
          -0.04318592,
          0.42491597,
          0.7303132,
          1
        ]
      },
      {
        "date" : 735581765.868605,
        "title" : "Untitled",
        "transform" : [
          0.99995875,
          5.052567e-10,
          0.009078854,
          0,
          0.0045394264,
          0.8660254,
          -0.49997935,
          0,
          -0.007862519,
          0.49999997,
          0.8659897,
          0,
          -0.018066434,
          0.4030618,
          0.74315935,
          1
        ]
      },
      {
        "date" : 735581697.705954,
        "title" : "Untitled",
        "transform" : [
          0.99995875,
          5.052567e-10,
          0.009078854,
          0,
          0.0045394264,
          0.8660254,
          -0.49997935,
          0,
          -0.007862519,
          0.49999997,
          0.8659897,
          0,
          -0.03400781,
          0.044922918,
          0.24655654,
          1
        ]
      },
      {
        "date" : 735581668.216175,
        "title" : "Untitled",
        "transform" : [
          0.99995875,
          5.052567e-10,
          0.009078854,
          0,
          0.0045394264,
          0.8660254,
          -0.49997935,
          0,
          -0.007862519,
          0.49999997,
          0.8659897,
          0,
          -0.0024731085,
          0.05193758,
          0.24279271,
          1
        ]
      }
    ]
  },
  "selectedSceneRelativePath" : "Scene.usda"
}